var cardFormBank = function(num){
            var cards = [
                {
                    bankName:'建设银行',
                    pattern:/^(356895|356896|356899|436718|436738|436745|436748|489592|531693|532450|532458|544887|552801|554403|557080|558895|559051|589970|620060|621080|621081|621082|621083|621284|621382|621466|621467|621487|621488|621499|621598|621621|621673|621700|622166|622168|622280|622381|622382|622675|622676|622677|622700|622707|622708|622725|622728|622966|622988|623094|623211|623251|623668|625362|625363|625955|625956|625964|625965|625966|628266|628316|628317|628366)/g
                },
                {
                    bankName:'交通银行',
                    pattern:/^(004055|004910|005378|006014|552853|622250|622251|622259|622261|664055|664910|665378|666014|622262|620021|620521|405512|434910|458123|458124|49104|520169|521899|522964|53783|601428|622252|622253|622254|622255|622256|622257|622258|622260|622284|622656|628216|628218|955590|955591|955592|955593|623261|622285)/g
                },
                {
                    bankName:'邮储银行',
                    pattern:/^(622181|622188|955100|622150|622151|621285|622199|621095|621098|621096|620062|621799)/g
                },
                {
                    bankName:'中国银行',
                    pattern:/^(356833|356835|377677|409665|409666|409667|409668|409669|409670|409671|409672|438088|456351|512315|512316|512411|512412|514957|514958|518377|518378|518379|518474|518475|518476|524864|524865|525745|525746|547766|552742|553131|558868|558869|601382|620040|620061|620218|620514|621212|621256|621283|621297|621330|621331|621332|621333|621568|621569|621620|621660|621661|621662|621663|621665|621666|621667|621668|621669|621672|621725|621756|621757|621758|621759|621785|621786|621787|621788|621789|621790|622752|622753|622754|622755|622756|622757|622758|622759|622760|622761|622762|622763|622764|622765|622788|623184|623208|623263|623569|623571|623572|623573|623575|623586|625333|625337|625338|625568|625905|625906|625907|625908|625909|625910|62831


2|628313|628388)/g
                },
                {
                    bankName:'工商银行',
                    pattern:/^(955882|955881|955880|9558|900010|900000|628288|628286|625899|625866|625865|625860|625859|625858|625650|625332|625331|625330|625309|625162|625161|625160|624580|624518|624402|624301|624200|624100|624000|623901|623803|623700|623602|623500|623400|623301|623272|623271|623260|623202|623100|623062|623015|623014|623012|623011|623009|623008|623006|623005|623002|622913|622912|622911|622910|622904|622903|622902|622806|622715|622713|622712|622711|622706|622703|622702|622606|622605|622604|622603|622599|622597|622518|622517|622513|622512|622510|622509|622505|622504|622502|622404|622403|622402|622317|622315|622314|622313|622310|622309|622308|622307|622306|622305|622304|622303|622302|622246|622245|622240|622239|622238|622237|622236|622235|622234|622233|622232|622231|622230|622229|622225|622224|622223|622220|622215|622214|622213|622212|622211|622210|622208|622206|622203|622202|622200|622114|622111|622110|622105|622104|622103|622102|622020|622019|622018|622017|622016|622015|622013|622012|622011|622010|622008|622007|622006|622005|622004|622003|622002|621915|621914|621913|621912|621911|621910|621909|621908|621907|621906|621905|621904|621903|621901|621817|621814|621813|621812|621811|621809|621807|621804|621723|621722|621721|621702|621670|621618|621617|621616|621615|621614|621613|621612|621611|621610|621609|621608|621607|621606|621605|621604|621603|621602|621559|621558|621512|621511|621509|621507|621505|621502|621410|621409|621408|621407|621406|621405|621404|621402|621317|621315|621314|621313|621312|621311|621309|621307|621306|621305|621304|621303|621302|621288|621281|621227|621226|621225|621211|621210|621209|621208|621207|621206|621205|621204|621203|621202|621107|621106|621105|621103|621102|621001|620905|620904|620903|620902|620809|620802|620715|620714|620713|620712|620711|620710|620709|620708|620707|620706|620705|620704|620612|620611|620609|620607|620604|620603|620602|620516|620512|620507|620506|620503|620502|6


20412|620411|620410|620409|620408|620407|620406|620405|620404|620403|620402|620302|620200|620086|620058|558360|550213|548943|548259|544210|543098|530990|53098|530970|528856|526836|525498|524374|524091|524047|513685|510529|489736|489735|489734|458441|458071|45806|451811|451810|451804|438126|438125|427064|427062|427039|427038|427030|427029|427028|427020|427019|427018|427010|402791|374739|374738|370267|370249|370248|370247|370246|360884|360883|356882|356881|356880|356879)/g
                },
                {
                    bankName:'农业银行',
                    pattern:/^(625996|625998|621336|621619|623018|625997|623206|621671|622828|625336|625826|625827|544243|548478|628269|621282|955998|620059|552599|558730|622821|622822|622823|622824|622825|622826|622827|622836|622837|622840|622841|622843|622844|622845|622846|622847|622848|622849|628268|403361|404117|404118|404119|404120|404121|463758|49102|514027|519412|519413|520082|520083|53591|634910|635359|95595|95596|95597|95598|95599|622820|622830|622838|620501|625171)/g
                },{
                    bankName:'支付宝',
                    pattern:/.*?/
                }
            ];

            //循环查询银行，存在则返回该银行的数组
            for(var _i = 0,_len = cards.length; _i<_len;_i++)

                {
                    var card = cards[_i];
                    if(card.pattern.test(num))
                    {
                        return card;
                    };
                };
                //循环结束，无相关数据，则返回false
                if(_i=_len)
                    {
                        return false;
                    };
        };




var cncard = function(selected,ipt){
            if(selected == '支付宝'){
                if (/^0?(13[0-9]|15[012356789]|18[0123456789]|14[0123456789]|17[0123456789])[0-9]{8}$/.test(ipt)){
                    return true;
                } else if(/^([a-zA-Z0-9_\.\-])+\@(([a-zA-Z0-9\-])+\.)+([a-zA-Z0-9]{2,4})+$/.test(ipt)){
                    return true;
                } else {
                    warnMsgfn('请输入正确的支付宝账号');
                    return false;
                }
            }
            if(!isNaN(ipt) && ipt.length>=16 && ipt.length<=19)
            {
                //输入的卡号变为字符串同时截取前六位
                var cardNum = ipt.toString().substring(0,6);
                //变为数字
                cardNum = parseInt(cardNum);
                //进入cardFormBank()函数进行查询
                var a = cardFormBank(cardNum);
                if(a == false){
                    warnMsgfn('请输入正确的收款账号');
                    return false;
                }else{
                    if(a.bankName != selected){
                        warnMsgfn('请输入正确的收款账户');
                        return false;
                    }else{
                        return true;
                    }
                }
            }
            else
            {
                warnMsgfn('请输入正确的收款账号');
                return false;
            }
            
        };